10 65
     1e+09         9        15        13     1e+09        14         3         8         3         2
         7     1e+09         6     1e+09         8         3     1e+09         8        15         1
     1e+09        15     1e+09     1e+09         3     1e+09        14     1e+09        13         8
        12         3         1     1e+09     1e+09        15         1        13     1e+09        10
        13         9         2     1e+09     1e+09         2        11     1e+09     1e+09     1e+09
         3        15         9        11        11     1e+09     1e+09        10        14     1e+09
         3         4     1e+09     1e+09        11        11     1e+09     1e+09         9        10
     1e+09        13         4     1e+09         9        13        15     1e+09        15        14
     1e+09        11        14         8     1e+09         3        10         6     1e+09         5
     1e+09         9         4         7     1e+09         3        13         4     1e+09     1e+09